3042680161
4129026486
7444910396
6171600314
1640370872
4583844560
2325319011
8610733743
8057713464
8085717305
8426810504
7915438447
3917011251
5407166777
1336195648
1504971694
396694296
1831782683
3598818933
4034372256
1565442081
8604033709
8600803098
218430562
12831200
8937708976
3745508605
2208962926
2188865088
299932827
1638030445
7721811319
1924309233
492999839
2779874945
510265335
23616254
2119284560
12479043
235379424
2282798975
8627374078
4186717568
30925955
1600295652
8639861042
1072152584
373737682
546324266
1781708316
1788571134
520587356
4375737884
176178917
7816422364
3040465106
564853478
1324036442
8644407024
5666482714
1579776299
41457798
1590904851
208857839
1957306762
4174385652
1019598973
25331633
204586082
185649280
537422483
351263911
6233916587
4154813581
1822531590
3090448718
1522269411
371048413
1703358187
45366663
1497535326
8642467739
1716624530
519546665
1556765899
3273139580
243123244
6723264277
4794192492
6484306468
5345573423
3158865178
5806612181
990419488
1143149513
5476882461
27599190
6119319112
1830067745
1724663705
5974484114
1930334996
3147685710
50241900
997819235
1140111137
53789459
1391090724
1695244518
2116088003
2915752616
465725096
928894488
283128892
4373896951
1201028564
1561502247
1441123550
52042738
178248477
2115332238
1537906476
4019025176
2265831900
5328217941
2521451798
7270429036
1432907456
1153431521
8420219290
1489388423
756195877
8554761812
1162774260
8408085761
348200640
5712751161
1020929517
